Left:
('D = ', [-0.03286942098345085, -0.003391364545131335, -0.00010344851098865128, -0.005506527219007501, 
0.0])
('K = ', [264.97972070065117, 0.0, 168.4885335185725, 0.0, 266.9887082938952, 122.7982655307001, 0.0, 
0.0, 1.0])
('R = ', [0.9951015342622348, 0.03636530279152214, -0.09192660801871917, -0.03655880180342734, 
0.9993314147480559, -0.0004213173946146767, 0.09184982590971011, 0.0037799802288101545, 
0.9957656959495169])
('P = ', [291.7826932787036, 0.0, 199.92630863189697, 0.0, 0.0, 291.7826932787036, 121.1575231552124, 
0.0, 0.0, 0.0, 1.0, 0.0])

Right:
('D = ', [0.007773929828260069, -0.025179578812484584, 0.0033747346980663347, 0.0018021364214196901, 
0.0])
('K = ', [251.93604849718383, 0.0, 165.58773164655125, 0.0, 252.1222244267963, 120.446281911135, 0.0, 
0.0, 1.0])
('R = ', [0.9947677992580102, 0.03514226413346534, -0.09592729971675878, -0.03494016498130079, 
0.9993822338260322, 0.0037862361217206007, 0.09600109598569488, -0.0004147100959609319, 
0.995381141867316])
('P = ', [291.7826932787036, 0.0, 199.92630863189697, 45.182257431284455, 0.0, 291.7826932787036, 
121.1575231552124, 0.0, 0.0, 0.0, 1.0, 0.0])
('self.T ', [0.15403879608272905, 0.005441744357605912, -0.014854246157604285])
('self.R ', [0.9999900177962705, 0.001621109969761158, 0.004163689503382814, -0.0016041871057802994, 
0.9999904530834707, -0.0040645203462170215, -0.004170238787442209, 0.004057800436333075, 
0.9999830715387509])
None
# oST version 5.0 parameters


[image]

width
320

height
240

[narrow_stereo/left]

camera matrix
264.979721 0.000000 168.488534
0.000000 266.988708 122.798266
0.000000 0.000000 1.000000

distortion
-0.032869 -0.003391 -0.000103 -0.005507 0.000000

rectification
0.995102 0.036365 -0.091927
-0.036559 0.999331 -0.000421
0.091850 0.003780 0.995766

projection
291.782693 0.000000 199.926309 0.000000
0.000000 291.782693 121.157523 0.000000
0.000000 0.000000 1.000000 0.000000

# oST version 5.0 parameters


[image]

width
320

height
240

[narrow_stereo/right]

camera matrix
251.936048 0.000000 165.587732
0.000000 252.122224 120.446282
0.000000 0.000000 1.000000

distortion
0.007774 -0.025180 0.003375 0.001802 0.000000

rectification
0.994768 0.035142 -0.095927
-0.034940 0.999382 0.003786
0.096001 -0.000415 0.995381

projection
291.782693 0.000000 199.926309 45.182257
0.000000 291.782693 121.157523 0.000000
0.000000 0.000000 1.000000 0.000000


